0.031528 
0.025675 
0.025449 
0.024774 
0.024846 
0.024769 
0.024716 
0.027192 
0.025356 
0.025117 
0.024835 
0.024744 
0.02473 
0.024801 
0.025029 
0.024715 
0.024716 
0.024755 
0.024724 
0.02571 
0.025176 
0.024992 
0.024736 
0.025938 
0.024961 
0.024856 
0.024755 
0.024873 
0.025362 
0.024754 
0.024728 
0.024711 
0.024727 
0.024716 
0.024713 
0.024721 
0.024713 
0.024711 
0.024999 
0.024842 
0.024743 
0.024743 
0.025162 
0.024736 
0.024722 
0.02486 
0.024716 
0.0249 
0.025114 
0.025069 
0.024729 
0.024763 
0.02472 
0.024906 
0.02476 
0.024704 
0.02482 
0.02492 
0.025248 
0.02477 
0.024706 
0.024787 
0.024821 
0.024694 
0.024708 
0.024704 
0.024727 
0.024708 
0.024725 
0.024708 
0.024704 
0.024766 
0.025647 
0.025045 
0.024785 
0.02473 
0.024835 
0.024769 
0.02472 
0.024746 
0.026323 
0.025181 
0.024899 
0.024793 
0.024814 
0.024811 
0.024789 
0.024754 
0.025242 
0.024791 
0.024717 
0.024757 
0.024761 
0.024806 
0.024806 
0.024713 
0.025019 
0.024814 
0.024853 
0.02477 
0.024726 
0.024715 
0.024731 
0.024732 
0.024725 
0.024723 
0.024747 
0.024812 
0.024726 
0.024717 
0.024725 
0.024725 
0.024847 
0.024787 
0.024722 
0.02474 
0.024723 
0.024712 
0.024754 
0.024719 
0.025046 
0.024973 
0.024873 
0.024722 
0.024768 
0.024715 
0.024823 
0.024796 
0.024743 
0.024712 
0.024754 
0.02482 
0.024818 
0.024795 
0.024782 
0.024779 
0.024935 
0.024986 
0.026151 
0.025346 
0.02503 
0.025122 
0.026061 
0.02471 
0.025187 
0.026495 
0.025163 
0.025172 
0.025927 
0.026289 
0.026077 
0.026375 
0.025903 
0.025452 
0.024735 
0.024721 
0.024715 
0.024882 
0.024719 
0.024821 
0.024807 
0.024969 
0.025404 
0.02563 
0.026165 
0.025873 
0.026168 
0.026055 
0.026257 
0.026001 
0.025493 
0.025328 
0.025828 
0.026754 
0.025232 
0.025249 
0.025251 
0.025312 
0.025093 
0.025022 
0.025448 
0.026237 
0.025382 
0.025373 
0.025381 
0.02525 
0.025091 
0.025098 
0.025063 
0.025305 
0.025093 
0.025753 
0.025101 
0.02502 
0.025003 
0.024894 
0.025151 
0.024879 
0.025159 
0.024927 
0.02473 
0.024754 
0.025182 
0.024754 
0.024734 
0.024774 
0.024801 
0.024761 
0.024897 
0.025057 
0.024976 
0.025084 
0.024965 
0.025331 
0.024997 
0.025298 
0.028023 
0.02694 
0.026141 
0.025969 
0.025888 
0.025996 
0.02527 
0.025746 
0.025863 
0.025729 
0.025446 
0.024826 
0.024796 
0.025181 
0.024899 
0.024777 
0.024736 
0.024754 
0.024734 
0.024724 
0.024754 
0.02473 
0.024861 
0.024767 
0.024733 
0.024789 
0.024731 
0.024764 
0.024711 
0.024713 
0.024748 
0.024714 
0.02471 
0.024772 
0.025569 
0.026302 
0.026076 
0.025927 
0.025997 
0.025623 
0.025215 
0.024802 
0.024759 
0.024714 
0.024723 
0.024717 
0.024725 
0.024715 
0.024721 
0.024759 
0.024769 
0.024713 
0.024713 
0.024736 
0.02473 
0.024767 
0.024759 
0.024697 
0.024698 
0.024716 
0.024726 
0.024712 
0.024717 
0.024708 
0.024698 
0.025407 
0.025812 
0.024775 
0.024731 
0.025724 
0.024801 
0.024766 
0.024763 
0.024741 
0.024934 
0.024774 
0.024825 
0.024743 
0.024724 
0.024722 
0.025106 
0.024863 
0.024826 
0.024947 
